B10
best x: 50.2
best y: -58.2
best RMSE: 0.5894043562975745
RMSE_Radiance_space_0:	0.10683030562060382
RMSE_Radiance_0:		0.31560487
RMSE_Radiance_space:	0.29536623905216713
RMSE_BT_space_0:		0.5894043562975745
RMSE_BT_0:		1.7973144578265319
RMSE_BT_space:		1.7024540226892413
